0.644683837890625
0.6091766357421875
1.2320098876953125
0.5121612548828125
0.3499298095703125
0.7274169921875
0.5220947265625
1.251007080078125
0.5063934326171875
0.81689453125
0.562744140625
1.1306304931640625
0.90771484375
0.2541046142578125
0.432220458984375
1.5270538330078125
0.6761474609375
0.57037353515625
0.9675445556640625
1.0191802978515625
0.4530792236328125
0.5622406005859375
0.6484832763671875
1.017791748046875
0.2643280029296875
0.4548187255859375
0.7100677490234375
0.8410491943359375
0.4849700927734375
0.5622711181640625
0.3533782958984375
1.0352325439453125
1.060943603515625
0.7418975830078125
0.93621826171875
0.8671417236328125
0.491485595703125
0.2471771240234375
0.81390380859375
0.481781005859375
0.7579803466796875
0.461578369140625
0.776519775390625
0.6419525146484375
0.6732025146484375
0.2694549560546875
1.2253265380859375
0.9095306396484375
0.483123779296875
0.8759307861328125
0.4046173095703125
0.8322906494140625
0.1338043212890625
0.34710693359375
0.92852783203125
1.055755615234375
0.28961181640625
0.234771728515625
1.158355712890625
0.604034423828125
0.81109619140625
0.69207763671875
0.9427642822265625
0.832916259765625
0.91387939453125
0.763031005859375
0.9582366943359375
0.551055908203125
0.4037017822265625
1.1915283203125
0.8756103515625
0.5343780517578125
0.429901123046875
0.6141357421875
0.8246612548828125
0.9018096923828125
0.60858154296875
0.928955078125
0.9078369140625
1.1715850830078125
0.8098297119140625
0.86627197265625
0.9266815185546875
1.2234954833984375
0.469940185546875
0.299224853515625
1.22052001953125
0.8656768798828125
0.57171630859375
0.6097564697265625
0.9315032958984375
1.1012725830078125
0.6468048095703125
0.2978363037109375
1.326751708984375
0.934661865234375
0.5066070556640625
0.6053314208984375
1.0967559814453125
1.0460052490234375
0.623077392578125
0.6411895751953125
0.3408355712890625
1.1468048095703125
0.5491790771484375
0.9644317626953125
0.657684326171875
1.2154388427734375
0.456329345703125
0.5188446044921875
0.9200592041015625
1.4023590087890625
0.3388519287109375
0.6680145263671875
0.9516754150390625
0.6870880126953125
0.30804443359375
0.8495330810546875
1.1302337646484375
0.797760009765625
0.779876708984375
0.8294677734375
0.8526458740234375
1.1823577880859375
0.7869415283203125
0.6949615478515625
0.9820556640625
0.702239990234375
0.610076904296875
0.7971649169921875
0.9156951904296875
1.13238525390625
0.3307952880859375
0.813232421875
1.41729736328125
1.05535888671875
0.7338104248046875
0.5306243896484375
1.283050537109375
1.3618621826171875
0.638458251953125
0.5052337646484375
1.018585205078125
1.2196807861328125
0.2080535888671875
0.505279541015625
0.8992156982421875
0.9344482421875
0.3632659912109375
1.0879974365234375
1.213714599609375
0.6916046142578125
0.0651397705078125
0.907684326171875
0.7796630859375
0.882110595703125
0.193145751953125
0.6482696533203125
1.2791290283203125
1.0582275390625
0.6183013916015625
0.9107818603515625
0.3701324462890625
0.861053466796875
0.3800201416015625
1.0142364501953125
0.9837646484375
0.6551971435546875
0.670166015625
0.6362457275390625
0.903656005859375
0.9361572265625
0.1739959716796875
0.66595458984375
0.754730224609375
0.6910400390625
0.8539886474609375
0.59320068359375
0.7233123779296875
0.858734130859375
0.050079345703125
0.902069091796875
0.930145263671875
1.0696258544921875
0.7472381591796875
1.135040283203125
1.0273590087890625
1.40484619140625
0.5277252197265625
0.8319854736328125
0.9117584228515625
0.9168243408203125
0.1968231201171875
0.59515380859375
1.0564422607421875
1.090301513671875
0.5109405517578125
0.8872833251953125
0.9056549072265625
0.861114501953125
0.5860137939453125
0.765869140625
0.8387298583984375
0.7950286865234375
0.2680206298828125
0.5298004150390625
0.6031646728515625
0.7584381103515625
0.429534912109375
0.5185089111328125
0.8717041015625
1.3011474609375
0.118408203125
0.866851806640625
0.4918975830078125
1.1507720947265625
0.3840179443359375
0.455352783203125
1.005828857421875
1.3282318115234375
0.44244384765625
0.5110626220703125
1.09991455078125
0.88568115234375
0.7063751220703125
0.9278717041015625
1.0864410400390625
0.9673919677734375
0.46807861328125
0.6701507568359375
1.0012969970703125
0.767730712890625
0.2624359130859375
0.5929718017578125
0.8644256591796875
1.1470794677734375
0.4642181396484375
0.489532470703125
0.8564300537109375
0.8964691162109375
0.3139495849609375
0.3246002197265625
0.700042724609375
0.9627532958984375
0.537750244140625
0.9261016845703125
1.2581939697265625
0.959686279296875
0.1289825439453125
0.8334197998046875
0.4918975830078125
0.758148193359375
0.1880035400390625
0.2139739990234375
0.5882568359375
0.76983642578125
1.21173095703125
0.3597564697265625
0.7456817626953125
1.3297882080078125
0.2576446533203125
0.62274169921875
0.727203369140625
0.7703704833984375
0.387481689453125
0.9331817626953125
0.912994384765625
0.8484039306640625
0.4991607666015625
0.82958984375
0.9770965576171875
1.0980072021484375
0.43292236328125
0.7487335205078125
0.45770263671875
0.719635009765625
0.721954345703125
0.8639373779296875
0.969757080078125
1.067352294921875
0.5922393798828125
0.6790771484375
0.3044891357421875
0.7404937744140625
0.4356689453125
0.805816650390625
0.976715087890625
0.587615966796875
0.7524261474609375
0.7389068603515625
0.6639251708984375
0.785064697265625
0.118072509765625
0.53082275390625
0.989227294921875
0.7669677734375
0.5568695068359375
0.4312591552734375
1.0320587158203125
1.39947509765625
0.3592987060546875
0.9208221435546875
0.529510498046875
0.7669677734375
0.56982421875
0.558868408203125
0.6357421875
0.9400177001953125
0.38970947265625
0.4033203125
1.1193389892578125
0.773223876953125
0.7224578857421875
0.4884185791015625
0.483856201171875
1.341400146484375
0.55279541015625
0.6587677001953125
1.1370391845703125
0.7294769287109375
0.3169708251953125
0.8950958251953125
0.6462554931640625
0.7295684814453125
0.462432861328125
0.3809661865234375
0.26318359375
1.1944732666015625
0.3871002197265625
0.2247161865234375
0.6098480224609375
1.1136474609375
0.255950927734375
0.98980712890625
1.1140594482421875
1.0941162109375
0.574798583984375
0.3501129150390625
0.502777099609375
0.840423583984375
0.868804931640625
0.5008392333984375
0.518341064453125
1.0810089111328125
0.3000335693359375
0.46051025390625
1.182159423828125
1.6041412353515625
0.181915283203125
0.2667388916015625
0.4814453125
1.1846923828125
0.3298187255859375
0.6137542724609375
0.9504241943359375
1.092803955078125
0.9808349609375
1.0789947509765625
0.9800872802734375
1.06622314453125
0.66180419921875
0.655792236328125
1.083160400390625
1.092620849609375
0.835662841796875
0.5049591064453125
1.6723480224609375
0.706329345703125
0.3525543212890625
1.28485107421875
1.017547607421875
0.937896728515625
0.2201080322265625
0.504364013671875
0.938018798828125
0.89556884765625
0.3708038330078125
0.5938568115234375
0.57110595703125
0.9895172119140625
0.2049713134765625
0.4700164794921875
1.0930633544921875
0.98284912109375
0.48248291015625
0.8567657470703125
1.0406646728515625
0.987060546875
0.6035614013671875
0.3472137451171875
0.4616546630859375
0.780853271484375
0.6669158935546875
0.8043060302734375
1.0723876953125
1.1692047119140625
0.546875
0.2640380859375
1.042938232421875
1.15533447265625
0.2921142578125
1.3748779296875
0.8796234130859375
1.1411285400390625
0.3917083740234375
0.53955078125
0.3514556884765625
0.6903076171875
0.260772705078125
1.133331298828125
0.664459228515625
0.9118499755859375
0.4179840087890625
0.6968994140625
0.8289337158203125
0.8073272705078125
0.1781005859375
0.560150146484375
0.897369384765625
0.7923583984375
0.44891357421875
0.944366455078125
0.69342041015625
1.31610107421875
0.475830078125
0.8671875
0.568756103515625
0.9334259033203125
1.1468353271484375
0.39886474609375
1.0146636962890625
0.8040313720703125
0.3516845703125
0.5552978515625
0.900360107421875
1.011016845703125
0.7808074951171875
0.7698211669921875
0.598968505859375
1.24951171875
0.301849365234375
0.4298248291015625
0.6826934814453125
1.064300537109375
0.71630859375
1.046417236328125
0.8438873291015625
1.07537841796875
0.1630401611328125
0.4250335693359375
0.7093963623046875
0.7547760009765625
0.6391143798828125
0.1916961669921875
0.9088897705078125
0.5738067626953125
0.1583099365234375
0.498382568359375
0.793609619140625
0.952362060546875
0.308807373046875
0.2669525146484375
0.881378173828125
0.9423065185546875
0.4669036865234375
0.340728759765625
0.97613525390625
0.8724212646484375
0.55322265625
0.6262664794921875
1.1756744384765625
0.896636962890625
0.2634124755859375
0.350830078125
0.62957763671875
1.12078857421875
0.382049560546875
0.630615234375
1.1901702880859375
1.3211212158203125
0.771331787109375
0.6744842529296875
0.6567535400390625
1.3858184814453125
0.6108551025390625
0.9435272216796875
0.71197509765625
0.496490478515625
0.539031982421875
0.6225128173828125
0.45501708984375
1.2010955810546875
0.4182891845703125
0.5148773193359375
1.1437835693359375
0.7950592041015625
0.98150634765625
0.1957855224609375
0.83709716796875
0.9983062744140625
0.0749664306640625
0.8313140869140625
0.926177978515625
1.1512603759765625
0.2667388916015625
0.242828369140625
0.5485687255859375
1.3958740234375
0.776123046875
0.60919189453125
0.5862274169921875
0.961639404296875
0.2382965087890625
0.6818695068359375
0.806915283203125
0.690093994140625
0.077301025390625
0.9232940673828125
0.7723236083984375
0.7942352294921875
0.3272247314453125
0.6792144775390625
0.829193115234375
1.0437469482421875
0.3210296630859375
0.6802825927734375
0.83251953125
1.328521728515625
0.6432037353515625
0.7699127197265625
0.884735107421875
0.722320556640625
0.612579345703125
0.5290679931640625
1.2983245849609375
0.7411041259765625
0.375213623046875
0.9684906005859375
0.848724365234375
0.8759918212890625
0.29144287109375
0.2241668701171875
0.59039306640625
0.9805450439453125
0.7363128662109375
0.8734283447265625
0.8543701171875
0.7035675048828125
0.651214599609375
0.671600341796875
0.636444091796875
1.2499847412109375
0.6596527099609375
0.41253662109375
0.8289031982421875
0.7313385009765625
0.6501007080078125
0.890838623046875
1.3060150146484375
1.1980133056640625
0.0635986328125
0.94732666015625
0.5280914306640625
0.928680419921875
0.1594696044921875
0.5785675048828125
0.745086669921875
0.709014892578125
1.2835540771484375
0.42352294921875
0.6866912841796875
1.0548553466796875
0.187957763671875
0.4747314453125
1.105224609375
1.2076416015625
0.3800048828125
0.4567718505859375
0.850860595703125
0.87060546875
0.617919921875
0.7109832763671875
1.238922119140625
1.4640045166015625
0.04736328125
0.2400360107421875
1.2311859130859375
0.590972900390625
0.3805694580078125
0.68402099609375
0.8697357177734375
1.0585784912109375
0.5573577880859375
0.6998291015625
1.0911865234375
0.6505279541015625
0.7666778564453125
0.3242950439453125
0.4988555908203125
1.0618743896484375
0.3179779052734375
0.724884033203125
0.5796051025390625
0.804718017578125
0.518157958984375
0.9017333984375
1.1466217041015625
1.0238494873046875
0.1803741455078125
0.71258544921875
0.78692626953125
1.052825927734375
0.4911956787109375
1.23211669921875
0.85076904296875
0.9228973388671875
0.0496978759765625
0.4490509033203125
0.9564971923828125
0.826385498046875
0.3488311767578125
0.3516998291015625
0.8036041259765625
0.68780517578125
0.139984130859375
0.642913818359375
0.9502410888671875
1.333343505859375
0.8961181640625
0.64990234375
0.89739990234375
0.45672607421875
0.143951416015625
0.77166748046875
0.965118408203125
1.1876068115234375
0.8710784912109375
1.15765380859375
0.24554443359375
0.7779998779296875
0.203277587890625
0.5147705078125
0.939483642578125
0.55145263671875
0.360198974609375
0.4489593505859375
1.4318695068359375
1.3545379638671875
0.944610595703125
0.72216796875
0.4404449462890625
0.9132537841796875
0.775726318359375
0.311859130859375
1.0409698486328125
0.92401123046875
0.1211090087890625
0.88641357421875
1.0428466796875
0.9858856201171875
0.7037353515625
0.560791015625
0.7507171630859375
1.23284912109375
0.22198486328125
0.760650634765625
1.13153076171875
0.773406982421875
0.0332794189453125
0.8552398681640625
1.355438232421875
0.9805145263671875
0.8235015869140625
1.084259033203125
0.856597900390625
1.2945098876953125
0.3873443603515625
0.2892303466796875
1.2291259765625
0.925262451171875
0.2167205810546875
0.685028076171875
0.70355224609375
1.0313568115234375
0.3143310546875
0.7802886962890625
0.4433746337890625
0.751434326171875
0.212738037109375
0.9097747802734375
1.5615081787109375
1.417449951171875
0.4024810791015625
0.725555419921875
0.717559814453125
0.978118896484375
0.177215576171875
1.021484375
0.762786865234375
0.92498779296875
0.6323699951171875
0.53314208984375
0.9511566162109375
0.9383087158203125
0.4708404541015625
0.4357147216796875
0.4970245361328125
0.84442138671875
0.1706085205078125
0.3346710205078125
1.208251953125
0.7727203369140625
0.6546478271484375
0.972381591796875
0.8307952880859375
0.8719482421875
0.6356201171875
0.469940185546875
0.8628387451171875
0.8181915283203125
0.5486907958984375
0.323760986328125
0.5109405517578125
1.0276031494140625
0.579437255859375
0.534271240234375
1.2556915283203125
0.56146240234375
0.6103668212890625
0.606170654296875
0.747283935546875
1.0729217529296875
0.5469207763671875
0.49835205078125
1.12060546875
0.8416900634765625
0.311431884765625
0.4272918701171875
0.4967803955078125
0.8898162841796875
0.171661376953125
0.6602935791015625
0.8773193359375
0.88092041015625
0.6168975830078125
0.8939208984375
0.5899810791015625
1.1604461669921875
0.2943878173828125
0.5502471923828125
0.445587158203125
1.12060546875
0.4041595458984375
0.4684600830078125
1.310089111328125
0.939361572265625
0.538116455078125
0.2978057861328125
0.62255859375
0.694000244140625
0.322662353515625
1.157135009765625
1.125457763671875
0.9344024658203125
0.0337371826171875
0.694000244140625
0.6294708251953125
0.72021484375
0.367950439453125
0.539581298828125
0.571624755859375
0.740142822265625
0.7304534912109375
0.698089599609375
0.51214599609375
0.4636993408203125
0.6136932373046875
0.4306182861328125
1.21173095703125
1.010040283203125
0.563690185546875
0.78997802734375
0.92437744140625
1.008880615234375
0.4970703125
0.73614501953125
0.817840576171875
1.0734710693359375
0.6621551513671875
0.4683837890625
0.85491943359375
1.3095703125
0.885223388671875
0.59271240234375
0.6819305419921875
1.3304443359375
0.4467926025390625
0.322357177734375
0.662445068359375
0.967620849609375
0.5060882568359375
1.038909912109375
0.9768524169921875
1.450836181640625
0.1675262451171875
0.366302490234375
0.9264068603515625
0.7099609375
0.9810943603515625
0.8137054443359375
1.2711639404296875
1.504974365234375
0.0348663330078125
0.6813507080078125
0.8998260498046875
0.561187744140625
0.2363128662109375
0.6565399169921875
0.63970947265625
0.9771881103515625
0.5324859619140625
1.1238555908203125
0.9866943359375
0.62628173828125
0.31085205078125
0.5983734130859375
0.86578369140625
0.5227813720703125
0.2664794921875
0.8179931640625
0.597015380859375
0.784210205078125
0.39837646484375
0.4527740478515625
0.7433319091796875
1.0897064208984375
0.1279144287109375
0.5242919921875
0.570892333984375
1.0104522705078125
0.2673187255859375
0.39788818359375
1.0243988037109375
0.49163818359375
0.1587371826171875
0.3653717041015625
1.4230499267578125
1.00653076171875
0.8404998779296875
1.4031219482421875
1.0559539794921875
0.674774169921875
0.456146240234375
0.9629669189453125
0.9812164306640625
1.76226806640625
0.3000640869140625
0.6397247314453125
0.77850341796875
0.8923492431640625
0.5393218994140625
0.4618072509765625
1.0354766845703125
0.726837158203125
1.0364227294921875
0.531219482421875
1.004486083984375
0.83013916015625
0.42254638671875
0.436431884765625
0.738983154296875
0.849029541015625
0.3807373046875
0.440338134765625
0.5193939208984375
0.844879150390625
0.1864776611328125
0.8448638916015625
1.061676025390625
0.66314697265625
0.4778289794921875
0.7301025390625
0.7645721435546875
0.608428955078125
0.3054962158203125
0.6261138916015625
0.7729034423828125
0.6259765625
0.1419525146484375
0.636993408203125
0.969482421875
0.873321533203125
0.282257080078125
0.443603515625
0.8696441650390625
0.8072967529296875
0.5565338134765625
0.9731597900390625
1.063629150390625
1.168060302734375
0.4891204833984375
0.4317474365234375
0.9507904052734375
1.2145233154296875
0.2811126708984375
0.535125732421875
0.6310882568359375
0.8165435791015625
0.196136474609375
0.594329833984375
0.499725341796875
1.221435546875
0.4918212890625
0.8131866455078125
0.503143310546875
0.98504638671875
0.6072998046875
0.799407958984375
0.45623779296875
0.563995361328125
0.25274658203125
0.5058135986328125
1.3202056884765625
0.724609375
0.4548797607421875
0.7926788330078125
0.851776123046875
0.993438720703125
0.4971160888671875
0.4786529541015625
1.14764404296875
0.9288177490234375
0.5240631103515625
0.4893798828125
0.674530029296875
0.87664794921875
0.1294708251953125
0.7302703857421875
0.71124267578125
0.8215789794921875
0.6044464111328125
0.7148284912109375
0.9005889892578125
0.8154449462890625
0.830078125
0.9582061767578125
0.93505859375
0.4057464599609375
0.289764404296875
0.456329345703125
0.6780242919921875
1.099395751953125
0.5938568115234375
1.122589111328125
0.9651947021484375
0.696014404296875
0.656524658203125
0.7378082275390625
1.0845947265625
0.891571044921875
0.7679595947265625
0.93994140625
0.4253692626953125
0.9432525634765625
0.8506317138671875
0.888916015625
0.694488525390625
0.763763427734375
0.8610382080078125
1.3122711181640625
0.8807525634765625
0.9952392578125
0.3096923828125
0.28826904296875
1.2384185791015625
1.1736297607421875
0.820037841796875
0.57763671875
1.2473907470703125
0.9532928466796875
0.1522979736328125
0.749542236328125
1.170654296875
1.15875244140625
0.599822998046875
0.4627838134765625
0.5501556396484375
0.649810791015625
0.61041259765625
0.97698974609375
0.718902587890625
0.930023193359375
0.1654815673828125
0.9699249267578125
1.0787200927734375
1.11773681640625
0.221160888671875
0.5628204345703125
0.5137176513671875
0.7785186767578125
0.2594451904296875
0.5672760009765625
1.48699951171875
0.9600067138671875
0.491302490234375
0.738555908203125
1.002288818359375
0.7884979248046875
0.2288360595703125
0.2255859375
1.1422119140625
0.7032623291015625
0.2455902099609375
0.7671051025390625
0.785125732421875
1.09893798828125
0.490936279296875
0.425079345703125
0.81243896484375
0.5843353271484375
0.37957763671875
0.3112640380859375
1.128997802734375
1.208282470703125
0.3744049072265625
0.6095733642578125
0.6716461181640625
1.266876220703125
0.2953948974609375
0.960662841796875
0.483154296875
1.40118408203125
0.611114501953125
0.4313507080078125
0.794586181640625
0.726470947265625
1.03662109375
0.4337615966796875
0.7559661865234375
0.6721343994140625
0.209625244140625
0.9830474853515625
1.3225250244140625
1.009552001953125
0.14398193359375
0.9684600830078125
0.6047515869140625
0.8709716796875
0.9058990478515625
1.00360107421875
0.9661102294921875
1.0395050048828125
0.3360748291015625
0.8136444091796875
0.9705810546875
0.8069610595703125
0.373138427734375
0.69091796875
1.198760986328125
1.34759521484375
0.415924072265625
0.569732666015625
0.493133544921875
1.071746826171875
0.2137451171875
0.9868927001953125
0.6416168212890625
0.755126953125
0.17926025390625
0.887664794921875
0.949188232421875
1.219024658203125
0.5469512939453125
0.987060546875
0.46490478515625
1.1053314208984375
0.429779052734375
0.3156280517578125
1.4072113037109375
1.310394287109375
0.638031005859375
0.5451812744140625
0.482940673828125
1.1259002685546875
0.5052490234375
0.47076416015625
0.6947784423828125
0.88348388671875
0.3179168701171875
0.8505706787109375
1.2652740478515625
0.9838409423828125
0.3653106689453125
0.891204833984375
0.9926910400390625
0.739227294921875
0.47796630859375
0.706756591796875
0.8135528564453125
0.6646270751953125
0.9777069091796875
0.31976318359375
1.174072265625
1.0925140380859375
0.558563232421875
0.587860107421875
1.0157318115234375
1.1204681396484375
0.2310333251953125
0.3459625244140625
1.12994384765625
1.19403076171875
0.419525146484375
0.2746124267578125
0.8472137451171875
0.58319091796875
1.1724395751953125
0.552978515625
1.0434112548828125
0.953155517578125
0.77838134765625
0.637969970703125
0.98095703125
0.840423583984375
0.3954010009765625
0.717742919921875
0.8085784912109375
0.8123016357421875
0.7305908203125
1.062835693359375
1.224578857421875
0.5451507568359375
0.525665283203125
0.578704833984375
0.677337646484375
1.02581787109375
0.850006103515625
0.4799041748046875
0.8037109375
0.8904571533203125
0.6219635009765625
0.38909912109375
1.0005035400390625
0.8225250244140625
0.15789794921875
0.60406494140625
0.4765625
1.3433380126953125
0.8771514892578125
0.50152587890625
0.5395050048828125
1.389129638671875
0.3531951904296875
0.8054046630859375
0.7264556884765625
1.1772918701171875
0.1975250244140625
0.1833343505859375
0.7977752685546875
1.0013275146484375
0.3760986328125
0.49761962890625
0.7520904541015625
1.08013916015625
0.3201446533203125
0.4884033203125
0.8104248046875
1.4200286865234375
0.45819091796875
0.7719573974609375
0.9399871826171875
0.80889892578125
0.6792144775390625
0.658721923828125
0.8172149658203125
0.904632568359375
0.4004974365234375
0.6975860595703125
0.9683074951171875
0.4736480712890625
0.255462646484375
0.3733978271484375
1.183258056640625
0.9326019287109375
0.3663177490234375
0.8858795166015625
0.661773681640625
1.04583740234375
0.85687255859375
0.9449005126953125
1.2064056396484375
1.1668548583984375
0.06610107421875
0.827850341796875
0.6916961669921875
1.2946319580078125
0.1961669921875
0.9335784912109375
1.0381927490234375
0.7763519287109375
0.143646240234375
0.4663848876953125
0.665771484375
1.151123046875
0.9813690185546875
0.7258758544921875
0.5202484130859375
0.9911956787109375
0.2902069091796875
0.7599945068359375
0.70745849609375
1.1065216064453125
0.1564483642578125
0.8840484619140625
0.95855712890625
1.0766143798828125
0.59552001953125
0.356964111328125
0.7993316650390625
1.15435791015625
0.3379058837890625
0.1809539794921875
1.1330413818359375
0.7978363037109375
0.51727294921875
0.478271484375
1.2207183837890625
1.0104522705078125
0.87493896484375
0.636810302734375
0.7937774658203125
1.223785400390625
0.1412506103515625
0.798187255859375
0.26324462890625
0.8069305419921875
0.4549713134765625
0.7922515869140625
0.67193603515625
1.2853851318359375
0.8021392822265625
0.660430908203125
0.801910400390625
0.761199951171875
0.0892791748046875
0.721221923828125
0.828948974609375
0.981842041015625
0.704681396484375
1.3308868408203125
0.7784271240234375
1.0885467529296875
0.30401611328125
0.3052978515625
1.1497650146484375
0.7415771484375
0.6969146728515625
0.812255859375
0.8762359619140625
0.6838836669921875
0.5859375
0.31231689453125
1.131072998046875
1.35650634765625
0.4662322998046875
0.4173126220703125
0.2220916748046875
0.987335205078125
0.472259521484375
0.9597320556640625
0.947845458984375
0.914764404296875
0.052520751953125
0.7012176513671875
0.8131866455078125
0.9432525634765625
0.7410888671875
0.3674774169921875
0.9822540283203125
0.811279296875
0.417999267578125
0.459808349609375
0.964111328125
0.6484832763671875
0.3772430419921875
0.9618682861328125
0.9270782470703125
0.7594146728515625
0.484222412109375
0.3524017333984375
0.683441162109375
0.8073883056640625
0.777923583984375
0.9199066162109375
0.409820556640625
0.81378173828125
0.2894134521484375
0.621612548828125
0.732940673828125
0.877349853515625
0.22076416015625
0.4001007080078125
0.7189788818359375
0.757476806640625
0.121734619140625
0.7277069091796875
0.3138885498046875
1.0572357177734375
0.34783935546875
0.6607818603515625
0.9929656982421875
1.209381103515625
0.532440185546875
1.039825439453125
0.4206085205078125
0.955718994140625
0.3010101318359375
1.0063323974609375
1.1543121337890625
0.7812652587890625
0.02484130859375
0.587615966796875
0.8558502197265625
0.736846923828125
0.657958984375
0.37579345703125
0.870391845703125
0.8990020751953125
0.3869171142578125
0.646209716796875
0.9493865966796875
1.160675048828125
1.4453887939453125
0.540771484375
0.8846588134765625
0.940093994140625
0.6478271484375
0.4402923583984375
1.1285858154296875
1.4001617431640625
0.305938720703125
0.7940216064453125
1.21014404296875
1.0047149658203125
0.2028656005859375
1.2661285400390625
1.0862274169921875
0.8736724853515625
1.01361083984375
0.5364532470703125
0.948394775390625
0.671356201171875
0.4534149169921875
0.4779815673828125
0.453216552734375
0.8647003173828125
0.388458251953125
0.25958251953125
0.42578125
0.5672454833984375
0.27313232421875
0.7331390380859375
0.3038482666015625
0.9317626953125
0.1282196044921875
0.460113525390625
0.8910064697265625
0.921173095703125
0.5594635009765625
0.8877716064453125
1.0513153076171875
1.2560882568359375
0.15032958984375
0.1850433349609375
0.971893310546875
0.795196533203125
0.311370849609375
1.274810791015625
1.114990234375
1.040618896484375
0.2181549072265625
0.7726593017578125
0.747039794921875
0.5632781982421875
0.5060272216796875
0.3831787109375
0.7336883544921875
1.088897705078125
0.39105224609375
0.4384765625
0.9082794189453125
0.6010894775390625
0.5903167724609375
0.4627838134765625
0.9123077392578125
1.0556640625
0.1461334228515625
0.2599945068359375
0.728515625
0.8223876953125
0.8220977783203125
0.7704315185546875
0.42327880859375
0.7876129150390625
0.201995849609375
0.6391754150390625
0.6809844970703125
0.7828826904296875
0.1298370361328125
0.47088623046875
0.7449493408203125
0.696502685546875
0.503662109375
0.6649017333984375
0.742828369140625
0.9278106689453125
0.25506591796875
0.4402618408203125
0.8687591552734375
0.434326171875
0.6160430908203125
0.7524261474609375
0.4815521240234375
0.9482269287109375
0.2332763671875
0.772613525390625
0.951751708984375
1.2401123046875
0.6220550537109375
0.626556396484375
0.9391937255859375
0.7694091796875
0.268310546875
0.7443695068359375
0.8733062744140625
0.6454010009765625
0.4292449951171875
0.3160552978515625
0.8503265380859375
0.98919677734375
0.4870452880859375
0.6310577392578125
1.068450927734375
1.505218505859375
0.228271484375
0.61724853515625
1.000091552734375
1.1172027587890625
0.971038818359375
0.9486541748046875
0.5391387939453125
1.042236328125
0.7880706787109375
0.78729248046875
1.141754150390625
1.436614990234375
0.06890869140625
0.529296875
0.7279815673828125
1.0513916015625
0.3603515625
0.220001220703125
0.29541015625
0.93682861328125
0.5831451416015625
0.33160400390625
1.00762939453125
0.78619384765625
0.6763458251953125
0.5093994140625
1.1942138671875
0.8323211669921875
0.0541229248046875
0.763427734375
0.616668701171875
1.0584869384765625
0.11798095703125
0.5967254638671875
1.0225830078125
0.9866943359375
0.983978271484375
0.955230712890625
1.1923828125
0.688507080078125
0.261871337890625
0.6317291259765625
0.7722930908203125
0.9647674560546875
0.501708984375
0.37030029296875
0.97735595703125
1.293426513671875
0.6739044189453125
0.4649658203125
0.57061767578125
1.0500030517578125
0.3119049072265625
0.6353302001953125
1.0465087890625
1.0979461669921875
0.1250762939453125
0.542449951171875
1.1417083740234375
0.8800201416015625
0.72955322265625
0.3749542236328125
0.521453857421875
0.952728271484375
0.630401611328125
0.6145477294921875
1.0618743896484375
0.5924224853515625
0.211883544921875
0.270782470703125
1.07940673828125
0.514556884765625
0.6684722900390625
0.9154510498046875
1.238006591796875
0.5933685302734375
0.1563873291015625
0.4258575439453125
1.13531494140625
0.87786865234375
0.3958892822265625
0.2692413330078125
0.9448394775390625
0.9651641845703125
0.5084991455078125
0.5101318359375
0.7798614501953125
0.5180511474609375
0.718048095703125
0.9279937744140625
1.0903167724609375
0.5338287353515625
0.3619842529296875
0.9295654296875
0.9381256103515625
1.1890716552734375
0.49591064453125
0.8346099853515625
0.9644317626953125
1.06689453125
1.010284423828125
0.636260986328125
0.343017578125
0.7958526611328125
0.5574951171875
0.602294921875
0.5116729736328125
1.139617919921875
0.5240936279296875
0.7965545654296875
1.06396484375
0.99761962890625
0.01611328125
0.498504638671875
0.87017822265625
1.2678985595703125
0.7589569091796875
0.9028472900390625
0.658843994140625
1.2882537841796875
0.703399658203125
1.024627685546875
0.944671630859375
0.7923736572265625
0.33746337890625
0.4977569580078125
0.9005126953125
0.789764404296875
0.4568023681640625
0.7882232666015625
1.144744873046875
1.584930419921875
0.27825927734375
0.82733154296875
1.056732177734375
1.0616455078125
0.235076904296875
0.8436431884765625
0.938995361328125
0.97442626953125
0.8795318603515625
0.802001953125
1.22296142578125
0.9605255126953125
0.349700927734375
0.50482177734375
0.9453887939453125
0.6150970458984375
0.459136962890625
0.95050048828125
1.2099456787109375
1.16839599609375
0.15631103515625
0.5663909912109375
0.5982513427734375
1.0301055908203125
0.18524169921875
0.7139129638671875
0.6885986328125
0.8908538818359375
0.8401031494140625
0.6610260009765625
0.7626190185546875
1.131103515625
0.3392486572265625
0.78387451171875
0.46112060546875
0.9572601318359375
0.4998779296875
0.8482513427734375
0.728302001953125
0.6275177001953125
0.2029266357421875
0.4141693115234375
0.7131500244140625
0.772247314453125
0.2090911865234375
0.9930877685546875
1.23797607421875
1.018096923828125
0.3201141357421875
0.9015045166015625
1.129730224609375
0.71441650390625
0.3127899169921875
0.59100341796875
0.467041015625
0.5638427734375
0.178497314453125
0.4642791748046875
0.3493499755859375
0.957733154296875
0.5051727294921875
1.0200347900390625
1.1008453369140625
1.6140899658203125
0.4618682861328125
1.1887664794921875
0.8205413818359375
1.0017547607421875
0.487762451171875
0.2609100341796875
0.649505615234375
1.1818389892578125
0.363311767578125
0.8223114013671875
0.900604248046875
0.6075592041015625
0.7889862060546875
0.905242919921875
0.93475341796875
0.9758148193359375
0.7268524169921875
0.7787628173828125
1.150726318359375
0.9080963134765625
0.308685302734375
0.8298797607421875
0.6971435546875
0.4592742919921875
0.61016845703125
0.748291015625
0.8985443115234375
1.1510162353515625
0.450042724609375
0.8540191650390625
1.0665130615234375
0.4089202880859375
0.288848876953125
0.478179931640625
0.95355224609375
0.7494659423828125
0.5779266357421875
0.52728271484375
1.089263916015625
0.810516357421875
0.2657012939453125
0.6798095703125
0.400238037109375
0.8177490234375
0.407684326171875
0.5016021728515625
1.041259765625
1.5025634765625
0.0283660888671875
0.3639068603515625
0.7344512939453125
0.883544921875
0.688323974609375
0.3709716796875
0.80072021484375
0.8480987548828125
0.21307373046875
0.4072113037109375
0.7317962646484375
0.92462158203125
0.342376708984375
0.6691436767578125
0.624481201171875
1.001617431640625
0.517120361328125
0.695709228515625
0.8263397216796875
0.680084228515625
0.6731719970703125
0.2424468994140625
0.9702606201171875
1.261993408203125
0.364990234375
0.64007568359375
0.493255615234375
1.02362060546875
0.385345458984375
0.6980743408203125
0.740692138671875
1.202484130859375
0.05316162109375
0.6837310791015625
1.032196044921875
1.2309417724609375
0.5907440185546875
0.84478759765625
0.4797515869140625
0.4335784912109375
0.464141845703125
0.60797119140625
0.2940673828125
0.70867919921875
0.1856536865234375
0.609649658203125
0.4748382568359375
1.09136962890625
0.212158203125
0.6280670166015625
1.0677032470703125
1.412750244140625
0.1358642578125
0.9781036376953125
0.8841094970703125
0.95086669921875
0.475830078125
0.5587615966796875
0.964874267578125
1.0809326171875
0.24853515625
0.7661590576171875
0.7984619140625
0.4230804443359375
0.426300048828125
0.6795806884765625
0.8116607666015625
1.16107177734375
0.4479522705078125
0.7370758056640625
0.6952667236328125
0.7601776123046875
0.4763641357421875
0.6712493896484375
1.5058135986328125
0.898193359375
0.594573974609375
0.575531005859375
0.4297027587890625
0.9890289306640625
0.1553802490234375
0.5911407470703125
0.779571533203125
1.2109527587890625
0.3316497802734375
0.7202301025390625
0.97064208984375
1.368743896484375
0.2445068359375
0.5316009521484375
0.762451171875
1.0073089599609375
0.2329864501953125
0.373199462890625
0.7277679443359375
0.60186767578125
0.2140350341796875
0.3075408935546875
1.015045166015625
0.3970489501953125
0.2032012939453125
0.831207275390625
0.53399658203125
0.980712890625
0.1546630859375
0.3216400146484375
0.53558349609375
0.9201812744140625
0.4293060302734375
0.523162841796875
1.0122222900390625
1.1255645751953125
0.179962158203125
0.28564453125
1.0028533935546875
0.6165008544921875
0.01544189453125
0.33795166015625
1.44219970703125
0.9170989990234375
0.5594024658203125
0.6344146728515625
1.1454925537109375
0.688873291015625
0.6840972900390625
0.6913909912109375
1.26995849609375
0.707183837890625
0.295013427734375
0.359619140625
0.8613739013671875
0.8379669189453125
0.2323150634765625
0.62139892578125
0.7095794677734375
0.6363067626953125
0.1894378662109375
0.45294189453125
1.0020904541015625
1.1400146484375
0.147796630859375
0.9047393798828125
0.843994140625
0.6598358154296875
0.35516357421875
1.0778350830078125
1.30517578125
0.913970947265625
0.17901611328125
0.9816131591796875
0.752593994140625
0.9595794677734375
0.3217620849609375
0.3695220947265625
0.634429931640625
0.979339599609375
0.6815032958984375
0.500152587890625
1.0364532470703125
1.1425323486328125
0.3506622314453125
0.835357666015625
0.93914794921875
0.9479827880859375
0.78582763671875
0.4515228271484375
1.1190185546875
0.6295166015625
0.6064910888671875
1.2871856689453125
0.950531005859375
0.7957000732421875
0.602142333984375
0.844573974609375
0.743255615234375
0.74688720703125
0.3386077880859375
0.59210205078125
0.7574462890625
1.13275146484375
0.4221038818359375
0.4621734619140625
1.396881103515625
1.371795654296875
0.6772308349609375
0.6165771484375
0.6315460205078125
1.1493072509765625
0.4189910888671875
0.761444091796875
0.978363037109375
0.8267974853515625
0.156951904296875
0.6798553466796875
0.8462066650390625
1.03662109375
0.2968902587890625
0.5561676025390625
1.0128021240234375
1.032135009765625
0.2976531982421875
0.649566650390625
0.8248291015625
0.62994384765625
0.307220458984375
0.7798004150390625
1.2550506591796875
0.8874969482421875
0.121978759765625
0.7100067138671875
1.3027496337890625
1.3117828369140625
0.420745849609375
0.658233642578125
0.947906494140625
1.6344757080078125
0.4750518798828125
1.0147857666015625
0.4656829833984375
0.7860260009765625
0.3808135986328125
0.5095672607421875
0.6634063720703125
0.966766357421875
0.3748626708984375
0.449127197265625
0.51611328125
1.1602630615234375
0.5344085693359375
1.0191192626953125
0.8990936279296875
0.83795166015625
0.170928955078125
1.06201171875
1.0720672607421875
1.1519012451171875
0.2599945068359375
0.92431640625
1.0801239013671875
0.89599609375
0.3702239990234375
0.848602294921875
0.394287109375
0.744354248046875
0.46148681640625
1.266143798828125
0.456817626953125
1.64886474609375
0.31610107421875
0.796722412109375
0.9791107177734375
1.22412109375
0.6304168701171875
1.0609588623046875
0.78570556640625
0.7216796875
0.554779052734375
0.6228485107421875
0.52313232421875
0.6774749755859375
1.122161865234375
0.7172393798828125
1.1448974609375
0.659149169921875
0.83709716796875
0.5981597900390625
0.8026885986328125
1.05767822265625
0.42626953125
0.3567657470703125
0.9468231201171875
0.8509063720703125
0.25335693359375
0.8515472412109375
1.2295684814453125
0.9038543701171875
0.46221923828125
0.6937255859375
0.7689208984375
1.2242431640625
0.4774322509765625
1.445343017578125
0.687286376953125
1.063934326171875
0.6080169677734375
0.2543487548828125
0.7227783203125
0.6818084716796875
0.3782958984375
0.7238922119140625
0.95880126953125
0.8039703369140625
0.818023681640625
0.575653076171875
1.1149139404296875
0.7044525146484375
0.1328277587890625
0.5948333740234375
0.7938385009765625
0.4963836669921875
0.6114654541015625
0.672088623046875
0.565521240234375
0.79071044921875
0.3509979248046875
0.623687744140625
1.11553955078125
1.2050323486328125
0.4789276123046875
0.9160308837890625
0.651153564453125
1.0163726806640625
0.1876983642578125
0.8238067626953125
0.5367431640625
1.1041107177734375
0.5827484130859375
0.4595184326171875
1.380645751953125
0.7297515869140625
0.445037841796875
0.6444091796875
0.8926849365234375
1.126708984375
0.14202880859375
0.85308837890625
0.2751617431640625
1.310760498046875
0.5558319091796875
0.8658905029296875
0.9524993896484375
0.59466552734375
0.615570068359375
0.9645843505859375
0.7398834228515625
1.1339569091796875
0.857147216796875
0.4003753662109375
1.0881805419921875
1.049591064453125
0.7840728759765625
0.5298614501953125
0.648468017578125
0.5777740478515625
0.3292388916015625
0.404876708984375
1.160888671875
0.6929168701171875
0.6151123046875
0.6560516357421875
0.8056488037109375
0.9872589111328125
0.346832275390625
0.8416290283203125
0.8704986572265625
0.5403289794921875
0.3927001953125
0.6072540283203125
0.909393310546875
0.6718597412109375
0.498779296875
0.8123779296875
1.0656280517578125
0.9376678466796875
0.182342529296875
0.08984375
0.8121795654296875
0.758026123046875
0.328155517578125
1.0630645751953125
0.8436126708984375
0.54766845703125
0.35382080078125
0.523162841796875
0.9114227294921875
0.70465087890625
0.2930908203125
0.3569183349609375
1.3569488525390625
0.907806396484375
0.7327728271484375
0.8313140869140625
0.855987548828125
1.254974365234375
0.28192138671875
0.5231170654296875
1.3826446533203125
1.4317474365234375
0.4628143310546875
0.7314605712890625
0.6833648681640625
0.829498291015625
0.4856109619140625
0.7129669189453125
0.800811767578125
1.1642608642578125
0.3702545166015625
0.691619873046875
0.893951416015625
0.876373291015625
0.4395294189453125
0.6787261962890625
0.65771484375
1.061920166015625
0.38336181640625
0.7749481201171875
0.38140869140625
0.9552764892578125
0.2769317626953125
0.37420654296875
0.7963409423828125
0.843475341796875
0.755462646484375
0.44110107421875
0.795166015625
0.998626708984375
0.496063232421875
0.617462158203125
0.50579833984375
1.088043212890625
0.6477813720703125
0.5745697021484375
0.8434600830078125
1.112030029296875
0.1624298095703125
0.9025421142578125
0.8469390869140625
0.8140411376953125
0.5140533447265625
0.6858978271484375
0.521636962890625
0.9913330078125
0.3605804443359375
0.0846405029296875
1.3892364501953125
0.835540771484375
0.3528900146484375
0.507232666015625
0.4564971923828125
0.838592529296875
0.3520355224609375
0.6846923828125
0.5945892333984375
0.723602294921875
0.4426422119140625
0.805206298828125
0.8997650146484375
0.8450775146484375
0.6551971435546875
0.4526214599609375
1.304168701171875
0.9495849609375
0.7375030517578125
1.2459259033203125
0.9878692626953125
0.9967041015625
0.047149658203125
0.9899749755859375
0.8057861328125
1.0240325927734375
0.7149810791015625
0.551910400390625
0.897735595703125
1.11737060546875
0.3661956787109375
1.02978515625
0.6507568359375
0.924224853515625
0.3843994140625
0.908233642578125
0.8199462890625
1.138580322265625
0.732513427734375
0.5161285400390625
0.8202667236328125
1.0346221923828125
0.4031219482421875
0.1471099853515625
0.71429443359375
1.054840087890625
0.345550537109375
0.816253662109375
0.780975341796875
0.51641845703125
0.2624359130859375
0.3946380615234375
0.9683380126953125
0.7282562255859375
0.4480133056640625
0.877197265625
0.9257354736328125
0.70391845703125
0.1641387939453125
0.862823486328125
1.067718505859375
0.6587677001953125
0.4318389892578125
0.3548126220703125
0.761383056640625
1.201904296875
0.3288726806640625
0.7738037109375
1.1686859130859375
0.643524169921875
0.2401885986328125
0.797882080078125
0.89697265625
1.13134765625
0.3020477294921875
0.3726348876953125
0.5875244140625
0.903106689453125
0.8398590087890625
0.48907470703125
0.8948211669921875
0.85284423828125
0.3773345947265625
0.760406494140625
0.5933837890625
1.2233734130859375
0.264556884765625
0.826995849609375
1.1474456787109375
0.8059234619140625
0.9363250732421875
0.468536376953125
0.65203857421875
0.747589111328125
0.368408203125
0.5645294189453125
0.9422454833984375
1.1340179443359375
0.309478759765625
0.7470703125
0.9553985595703125
1.2890625
0.4429931640625
0.5883026123046875
0.812530517578125
1.345489501953125
0.332763671875
0.929443359375
0.6445159912109375
0.796844482421875
0.2906036376953125
0.8017425537109375
0.695220947265625
1.1212158203125
0.9606475830078125
0.5474700927734375
0.781005859375
1.1170654296875
0.677703857421875
0.412506103515625
0.6815338134765625
0.476287841796875
0.598388671875
0.511505126953125
0.7996978759765625
1.0867767333984375
0.491607666015625
0.7457427978515625
0.83880615234375
1.2451019287109375
0.627960205078125
1.0071868896484375
1.111236572265625
1.223968505859375
0.2725677490234375
0.68603515625
0.6266326904296875
1.1871337890625
0.5868988037109375
0.3898773193359375
1.004180908203125
0.7152557373046875
0.288726806640625
0.335174560546875
0.6042633056640625
1.078460693359375
0.5384979248046875
0.5619049072265625
0.9570159912109375
0.8816986083984375
0.159698486328125
0.4403076171875
1.2887725830078125
0.9811248779296875
0.6780853271484375
0.6328125
0.644683837890625
0.919036865234375
0.521209716796875
0.3813629150390625
0.2677154541015625
1.1090850830078125
0.2063140869140625
0.774810791015625
0.8314666748046875
1.332977294921875
0.681396484375
0.3992919921875
0.4972991943359375
2.0098724365234375
0.070068359375
0.687835693359375
0.674102783203125
0.953948974609375
0.9902496337890625
0.601837158203125
0.5876007080078125
1.1334991455078125
0.3677520751953125
0.6603240966796875
0.8490142822265625
1.1691131591796875
0.2613067626953125
0.6152801513671875
0.876434326171875
0.94537353515625
0.2313232421875
0.752960205078125
0.891998291015625
1.0520172119140625
0.0690155029296875
0.6872100830078125
0.850860595703125
1.045684814453125
0.6539459228515625
0.7348480224609375
0.9673309326171875
0.827850341796875
0.276153564453125
0.542724609375
0.71710205078125
0.7906036376953125
0.5084686279296875
0.6167144775390625
0.5259246826171875
0.45318603515625
0.4944000244140625
0.6908416748046875
0.5900421142578125
1.00408935546875
0.2615814208984375
0.585418701171875
1.03887939453125
1.0856475830078125
0.436859130859375
0.6243438720703125
0.7718963623046875
1.112884521484375
0.5987548828125
0.5305938720703125
0.466156005859375
0.609893798828125
0.7406768798828125
0.551116943359375
0.734100341796875
1.3626251220703125
0.4013519287109375
0.114654541015625
0.3819580078125
0.8813018798828125
0.3509368896484375
0.6522979736328125
0.8735198974609375
1.3824462890625
0.1942596435546875
0.4710845947265625
0.5594482421875
0.9929046630859375
0.2549896240234375
0.6083526611328125
1.064117431640625
1.3129730224609375
0.1051025390625
0.241241455078125
0.9891357421875
1.20330810546875
0.41204833984375
0.7337799072265625
0.6760711669921875
0.7304840087890625
0.59893798828125
0.7865753173828125
1.490325927734375
1.021484375
0.4161376953125
0.6303253173828125
0.9049224853515625
1.25
0.1666107177734375
0.9000244140625
0.697601318359375
0.6725616455078125
0.13446044921875
0.4534454345703125
0.656646728515625
1.3477630615234375
0.11981201171875
0.6259918212890625
0.8908233642578125
0.9447174072265625
0.2740325927734375
1.107666015625
1.22149658203125
0.9312744140625
0.23602294921875
0.4895477294921875
0.967193603515625
1.3128814697265625
0.3451690673828125
0.6003875732421875
0.5347137451171875
0.848052978515625
0.386749267578125
0.6704864501953125
0.6598663330078125
0.9713134765625
0.324462890625
0.53643798828125
1.001922607421875
0.991119384765625
0.7119903564453125
0.9279327392578125
0.748291015625
1.20245361328125
0.4316558837890625
0.669525146484375
1.025421142578125
0.7068023681640625
0.493072509765625
0.6533355712890625
0.9761962890625
1.0844573974609375
0.353118896484375
0.6173248291015625
0.7104949951171875
1.2654266357421875
0.1680908203125
0.7754364013671875
1.495086669921875
0.8670196533203125
0.2834625244140625
0.297210693359375
1.396881103515625
1.0287933349609375
0.333709716796875
0.603118896484375
0.714508056640625
0.81121826171875
1.23193359375
0.347900390625
1.0045318603515625
0.9474639892578125
0.36865234375
0.619964599609375
1.1768035888671875
0.651824951171875
0.0923919677734375
0.7227325439453125
0.342437744140625
0.6935882568359375
0.200103759765625
0.283538818359375
0.32244873046875
1.288421630859375
0.677734375
0.680389404296875
0.72662353515625
0.8921051025390625
0.2595977783203125
0.639312744140625
0.708221435546875
0.7733154296875
0.625579833984375
0.8163299560546875
0.9754486083984375
0.89984130859375
0.313690185546875
0.52740478515625
1.277862548828125
0.962646484375
0.1539764404296875
0.698028564453125
0.5844268798828125
0.69964599609375
0.8646240234375
0.713226318359375
0.74652099609375
0.8553924560546875
0.5362548828125
0.1094512939453125
0.43878173828125
0.8164215087890625
0.491180419921875
0.3828582763671875
0.6522216796875
0.5855712890625
0.2699127197265625
0.6561737060546875
0.608612060546875
0.8646392822265625
0.2041778564453125
0.974609375
0.48468017578125
0.9033203125
0.377288818359375
0.2721405029296875
0.9261627197265625
0.4342498779296875
0.3383026123046875
1.173248291015625
1.23260498046875
1.02215576171875
0.5220184326171875
0.415771484375
0.8272552490234375
0.81903076171875
0.709197998046875
0.9845428466796875
0.45159912109375
1.1369171142578125
1.2625579833984375
0.7122955322265625
1.0260009765625
1.2175750732421875
0.64874267578125
0.673004150390625
1.0774383544921875
1.098388671875
0.14703369140625
1.1062164306640625
0.8994598388671875
0.9425506591796875
0.5616912841796875
0.5188751220703125
1.0877685546875
0.9786224365234375
0.1470794677734375
1.095916748046875
0.8309783935546875
0.658538818359375
0.244354248046875
0.67352294921875
1.2244415283203125
0.79425048828125
0.2105865478515625
0.237640380859375
0.9458770751953125
1.0608673095703125
0.74639892578125
0.5052642822265625
0.6037750244140625
0.5555572509765625
0.40283203125
0.935577392578125
0.907928466796875
1.5088348388671875
0.7475128173828125
0.666778564453125
0.866546630859375
1.1690673828125
0.590484619140625
0.6248321533203125
1.0328521728515625
0.9333953857421875
0.81976318359375
0.9042205810546875
1.0571746826171875
0.6778411865234375
0.135498046875
0.5051727294921875
0.6438140869140625
0.89312744140625
0.324432373046875
0.77325439453125
1.166473388671875
0.8396759033203125
0.3599700927734375
0.565093994140625
0.79559326171875
1.2503204345703125
0.5284881591796875
1.0280609130859375
0.5778350830078125
1.051177978515625
0.803314208984375
0.715576171875
1.01190185546875
1.0769195556640625
0.4255523681640625
0.954071044921875
1.113037109375
0.8641204833984375
0.5088653564453125
0.4742584228515625
0.780853271484375
0.5894775390625
0.2249298095703125
0.3500823974609375
0.9703369140625
0.5505828857421875
0.3980712890625
0.593048095703125
0.450042724609375
1.0748291015625
0.369110107421875
0.6861419677734375
0.813446044921875
0.9321441650390625
0.3295440673828125
0.7339630126953125
1.194061279296875
0.8984832763671875
0.4605255126953125
0.7764739990234375
0.7278289794921875
1.090423583984375
0.5683135986328125
0.6597137451171875
1.0527801513671875
1.0406036376953125
0.347930908203125
0.61407470703125
0.8989410400390625
0.77374267578125
0.39801025390625
0.99249267578125
1.24493408203125
0.98175048828125
0.417022705078125
0.515533447265625
0.8372802734375
0.7502593994140625
0.3188018798828125
1.310150146484375
1.228607177734375
0.9220123291015625
0.61920166015625
0.9959716796875
0.520355224609375
1.481781005859375
0.37713623046875
0.9680328369140625
0.64068603515625
1.4013671875
0.360931396484375
0.86993408203125
0.9171905517578125
0.84613037109375
0.0674285888671875
1.1972198486328125
1.03277587890625
0.4701690673828125
0.7408599853515625
0.858154296875
1.108245849609375
0.7644195556640625
0.691192626953125
0.4213714599609375
0.424285888671875
0.79010009765625
0.268646240234375
0.6079254150390625
1.0835418701171875
1.7677154541015625
0.17108154296875
0.953155517578125
0.5912322998046875
1.1521759033203125
0.283477783203125
0.752288818359375
0.7946624755859375
0.50787353515625
0.341796875
0.8101654052734375
0.9359893798828125
0.661346435546875
0.939727783203125
0.9192352294921875
0.89630126953125
1.140777587890625
0.54400634765625
0.496246337890625
1.1088409423828125
1.094390869140625
0.1374664306640625
0.4958038330078125
1.2498016357421875
0.7716064453125
0.322113037109375
0.6743927001953125
1.03924560546875
0.952789306640625
0.5395355224609375
0.642730712890625
0.5641632080078125
1.158538818359375
0.2025146484375
0.21728515625
1.076995849609375
0.763824462890625
0.3954925537109375
0.709503173828125
1.047332763671875
1.153778076171875
0.2274627685546875
0.810333251953125
0.7356414794921875
1.248291015625
0.31622314453125
0.5367431640625
0.7569732666015625
1.120941162109375
0.3127593994140625
0.6249542236328125
0.7559814453125
0.8194732666015625
0.1257781982421875
0.476043701171875
1.268280029296875
0.7949371337890625
0.5547027587890625
0.7227325439453125
0.8941192626953125
0.719757080078125
0.492645263671875
0.53350830078125
0.65966796875
0.6911163330078125
0.1378173828125
0.872039794921875
0.5792694091796875
0.825531005859375
0.197174072265625
0.209869384765625
0.68182373046875
1.03460693359375
0.3637237548828125
0.4271087646484375
0.901763916015625
0.7808990478515625
0.1714324951171875
0.5444488525390625
0.920135498046875
1.165130615234375
0.9904022216796875
0.52545166015625
0.726959228515625
0.7995452880859375
0.6436004638671875
0.490936279296875
0.7913055419921875
1.291412353515625
0.535552978515625
0.330780029296875
0.643035888671875
0.8556060791015625
0.568817138671875
0.580596923828125
0.625701904296875
0.9628753662109375
0.44482421875
0.6750946044921875
0.6491241455078125
0.7271728515625
0.5170135498046875
0.67034912109375
1.008026123046875
1.1876373291015625
0.4738311767578125
0.32537841796875
0.8491668701171875
1.1806793212890625
0.4959716796875
0.548919677734375
0.9033966064453125
0.7465362548828125
0.2699127197265625
0.9690399169921875
0.719970703125
1.11334228515625
0.45684814453125
0.244232177734375
1.04388427734375
0.9701690673828125
0.16229248046875
0.9108123779296875
1.132568359375
0.6121063232421875
0.305572509765625
0.865509033203125
1.1571807861328125
1.217559814453125
0.4443359375
0.925323486328125
1.008697509765625
0.4594268798828125
0.6231842041015625
0.7448577880859375
1.1409759521484375
0.9499053955078125
0.5940704345703125
0.7566070556640625
0.929901123046875
0.95562744140625
0.5784454345703125
0.40850830078125
0.7744903564453125
0.8551177978515625
0.598052978515625
0.6712188720703125
1.0892791748046875
1.0539703369140625
0.317962646484375
0.8150482177734375
1.1867828369140625
0.3764801025390625
0.0969085693359375
0.59637451171875
0.50634765625
1.3627777099609375
1.000885009765625
1.0168304443359375
0.6068115234375
0.9174957275390625
0.080352783203125
0.6505889892578125
0.6260833740234375
1.063018798828125
0.4264068603515625
0.52569580078125
1.1151123046875
1.3254852294921875
0.243927001953125
0.8479766845703125
0.6589202880859375
0.8838043212890625
0.23785400390625
0.6110076904296875
1.114532470703125
1.2109832763671875
0.4867401123046875
0.4698638916015625
0.8927001953125
1.195953369140625
0.1224365234375
0.727203369140625
0.676422119140625
1.114166259765625
0.2414093017578125
0.3887939453125
1.0526275634765625
0.881134033203125
0.253662109375
0.8564605712890625
0.6705322265625
0.9439239501953125
0.3379669189453125
0.4625244140625
1.027008056640625
0.6885833740234375
0.1638641357421875
0.8667144775390625
0.8756561279296875
0.9645843505859375
0.406494140625
0.7244415283203125
1.10882568359375
0.6521453857421875
0.3318328857421875
1.1531524658203125
1.1014404296875
0.80548095703125
0.37738037109375
0.60955810546875
0.9336090087890625
1.33740234375
0.5690155029296875
0.4617767333984375
0.66265869140625
0.8025054931640625
0.6498260498046875
0.4134521484375
0.7043304443359375
0.648834228515625
0.1642608642578125
0.8292388916015625
1.3356781005859375
1.0858154296875
0.2389068603515625
0.92559814453125
0.7684783935546875
1.0013275146484375
0.4942474365234375
0.973907470703125
1.2259368896484375
0.845703125
0.471771240234375
1.1928863525390625
0.8096466064453125
1.0231170654296875
0.7844085693359375
1.2326812744140625
1.2216033935546875
0.959136962890625
0.7518463134765625
1.0836639404296875
0.4402618408203125
0.962127685546875
0.195281982421875
0.434844970703125
1.0974578857421875
1.0648193359375
0.5631866455078125
0.4874725341796875
0.8543243408203125
0.7088470458984375
0.5202789306640625
0.3345794677734375
1.10638427734375
1.117218017578125
0.18243408203125
0.4767913818359375
0.804779052734375
1.0093841552734375
0.812255859375
0.7777252197265625
0.6360626220703125
0.60784912109375
0.316192626953125
0.4212493896484375
0.6597747802734375
1.01007080078125
0.224822998046875
0.7915496826171875
0.723968505859375
0.902069091796875
0.34515380859375
0.8082122802734375
0.88604736328125
1.12786865234375
0.3596954345703125
0.764312744140625
0.713348388671875
0.958404541015625
0.2863616943359375
0.6301422119140625
0.7716522216796875
0.8910980224609375
1.1904296875
0.5248870849609375
0.56683349609375
0.7924041748046875
0.397125244140625
0.602752685546875
0.6325225830078125
0.9302978515625
0.0755462646484375
0.81500244140625
0.45562744140625
0.78668212890625
0.224700927734375
0.6024322509765625
0.450836181640625
1.4984893798828125
0.677642822265625
0.3769683837890625
1.066253662109375
0.877777099609375
0.6563262939453125
0.5116729736328125
0.6945953369140625
0.670623779296875
0.3631591796875
0.679443359375
0.9958953857421875
0.9493560791015625
0.604705810546875
0.62835693359375
1.0477752685546875
0.5420379638671875
0.857513427734375
0.9462738037109375
0.4210357666015625
0.9637451171875
0.2728729248046875
0.765350341796875
1.2306671142578125
1.1988372802734375
0.4389495849609375
0.67724609375
0.9987640380859375
1.4155731201171875
0.3837127685546875
0.5607452392578125
0.6999053955078125
0.912322998046875
0.6166534423828125
0.4453887939453125
0.77716064453125
1.347442626953125
0.5877685546875
0.7654266357421875
1.07574462890625
0.8017425537109375
0.846649169921875
0.4857635498046875
1.1069183349609375
0.609771728515625
0.734893798828125
0.558502197265625
1.028656005859375
0.77215576171875
0.4134521484375
0.9829559326171875
0.90423583984375
0.969970703125
0.5771484375
0.8520355224609375
0.8742828369140625
0.88836669921875
0.2262725830078125
1.1450347900390625
1.1362457275390625
0.6568756103515625
1.0220794677734375
0.4565887451171875
0.665863037109375
1.03173828125
0.9097900390625
0.5279541015625
0.771270751953125
0.5353546142578125
0.4363555908203125
0.99346923828125
1.1843109130859375
1.225860595703125
0.3202972412109375
0.251739501953125
0.6596832275390625
0.8836212158203125
0.4077911376953125
0.2297821044921875
1.1405029296875
0.8470001220703125
0.53955078125
0.74560546875
1.024810791015625
0.6959991455078125
0.2359619140625
0.3660888671875
1.009490966796875
0.82330322265625
0.4151153564453125
0.45703125
0.4307403564453125
1.190765380859375
0.6220855712890625
0.3293609619140625
0.906951904296875
1.03936767578125
0.240753173828125
0.1526641845703125
0.9725494384765625
1.3054351806640625
0.3758697509765625
0.5222320556640625
0.8009796142578125
1.317352294921875
0.153564453125
0.788116455078125
0.575286865234375
1.0911407470703125
0.7674407958984375
0.528076171875
1.1549530029296875
1.052520751953125
0.693634033203125
0.9378662109375
0.9730682373046875
1.1336517333984375
0.492156982421875
0.6292572021484375
0.8291473388671875
1.435302734375
0.1525115966796875
0.5977020263671875
0.81390380859375
1.0784912109375
0.091278076171875
0.470794677734375
0.57122802734375
0.811248779296875
0.24481201171875
0.64111328125
0.474029541015625
0.93365478515625
0.448577880859375
0.4935455322265625
0.8785858154296875
1.411468505859375
0.3759613037109375
0.3744049072265625
0.5025482177734375
1.12890625
0.5431671142578125
0.7408599853515625
1.205810546875
1.02899169921875
0.5359344482421875
0.757293701171875
0.5450592041015625
1.280853271484375
0.3484954833984375
0.607940673828125
1.040924072265625
1.1842803955078125
0.6819610595703125
1.36419677734375
0.967987060546875
1.5162811279296875
0.3912811279296875
0.941375732421875
1.103424072265625
0.701385498046875
0.6392669677734375
0.579833984375
0.9131317138671875
0.9738922119140625
0.3106842041015625
0.9895172119140625
0.829925537109375
0.7340087890625
0.385284423828125
0.5968475341796875
0.80914306640625
0.837982177734375
0.594879150390625
0.933135986328125
0.7132568359375
1.4690399169921875
0.7589569091796875
0.525787353515625
0.6959686279296875
1.422882080078125
0.192169189453125
0.3163299560546875
0.9085693359375
0.8166351318359375
0.45623779296875
1.1762542724609375
1.1560211181640625
0.975372314453125
0.5022125244140625
0.7297821044921875
0.9123382568359375
1.3751983642578125
0.72021484375
0.344757080078125
1.0009002685546875
0.4091796875
0.237274169921875
0.5173492431640625
0.789459228515625
0.9814605712890625
0.4648895263671875
0.688751220703125
0.82342529296875
1.125335693359375
0.20404052734375
0.961334228515625
0.3245849609375
1.1932525634765625
0.6832122802734375
0.5647735595703125
0.853607177734375
1.259552001953125
0.4246826171875
0.152130126953125
0.6591339111328125
0.8913116455078125
0.3665924072265625
0.770751953125
0.844024658203125
1.0944366455078125
0.498046875
0.237152099609375
1.0029449462890625
0.727386474609375
0.244903564453125
0.67474365234375
0.930938720703125
1.155303955078125
0.413330078125
0.3174285888671875
0.7850494384765625
1.270965576171875
0.21392822265625
0.6378173828125
0.4923095703125
0.939971923828125
0.2327423095703125
0.67657470703125
0.967987060546875
0.89764404296875
0.8553924560546875
0.3705291748046875
0.7055816650390625
1.0507965087890625
0.870452880859375
0.683990478515625
0.6182708740234375
0.87921142578125
0.23455810546875
0.5787353515625
0.7797698974609375
1.2936859130859375
0.940887451171875
0.92169189453125
0.9347381591796875
0.56158447265625
0.851043701171875
1.1071624755859375
0.7274017333984375
0.8798828125
0.1148223876953125
0.58477783203125
0.8176422119140625
0.9556121826171875
0.6485443115234375
0.7813873291015625
0.660491943359375
0.8619842529296875
0.316253662109375
0.4067230224609375
1.148529052734375
0.9459991455078125
0.76971435546875
0.5867767333984375
0.8408660888671875
0.856964111328125
0.6746368408203125
0.5680084228515625
0.785003662109375
0.6179962158203125
0.722412109375
0.29949951171875
0.6808013916015625
1.2179412841796875
0.38934326171875
0.5707244873046875
0.3732147216796875
1.064117431640625
0.321044921875
0.4181365966796875
0.437835693359375
0.950042724609375
0.6676025390625
0.7164154052734375
0.7503662109375
0.7918701171875
0.4213104248046875
0.9197235107421875
0.856719970703125
0.9815673828125
0.5020294189453125
0.590301513671875
0.64044189453125
0.77069091796875
0.2265625
0.830291748046875
1.1050872802734375
1.0820159912109375
0.5546875
0.7037200927734375
0.348724365234375
0.88812255859375
0.6285858154296875
0.735382080078125
0.395294189453125
0.645660400390625
0.9813232421875
0.587127685546875
0.67724609375
1.2729339599609375
0.3904571533203125
0.6160430908203125
1.057037353515625
1.0908203125
1.013336181640625
0.6355133056640625
0.8620147705078125
0.757659912109375
0.440704345703125
1.0437469482421875
0.9452362060546875
1.00152587890625
0.3221282958984375
0.566497802734375
0.86920166015625
0.9568023681640625
0.62322998046875
0.7625732421875
1.17327880859375
1.3700408935546875
0.0235748291015625
0.883636474609375
0.9218597412109375
0.7413177490234375
0.13494873046875
0.665313720703125
0.4203948974609375
0.8660125732421875
0.5528564453125
0.6959381103515625
1.091033935546875
1.1032257080078125
0.7578277587890625
0.8171844482421875
0.7185211181640625
1.0579986572265625
0.651397705078125
0.930206298828125
1.0139617919921875
1.1454315185546875
0.621826171875
0.4285736083984375
0.94952392578125
0.7517242431640625
0.1993865966796875
0.980865478515625
0.8824615478515625
1.072174072265625
0.49591064453125
1.1006622314453125
0.927886962890625
0.7780914306640625
0.39013671875
0.3893585205078125
0.68536376953125
1.26708984375
0.1364288330078125
0.843994140625
0.8736572265625
0.8294525146484375
0.52203369140625
0.82684326171875
0.6343231201171875
1.001861572265625
0.3036651611328125
0.47564697265625
0.9504852294921875
1.0462493896484375
0.304290771484375
0.8467864990234375
0.8119659423828125
0.9187774658203125
0.4093780517578125
0.88909912109375
0.5262298583984375
0.9615325927734375
0.1461944580078125
0.3976593017578125
0.7061004638671875
0.806427001953125
0.5486602783203125
0.427764892578125
0.759033203125
1.0231781005859375
0.2822723388671875
0.5492401123046875
1.136138916015625
1.0378570556640625
0.1563873291015625
0.673797607421875
0.742279052734375
0.7656707763671875
0.6283111572265625
0.5571746826171875
0.970123291015625
1.0800018310546875
0.2137908935546875
0.2796478271484375
0.953460693359375
1.2404022216796875
0.4440460205078125
0.9250640869140625
0.91754150390625
0.613861083984375
0.2597503662109375
0.68865966796875
1.3153839111328125
1.010406494140625
0.29730224609375
1.12335205078125
0.5992279052734375
0.99072265625
0.3639373779296875
1.0353240966796875
1.013336181640625
1.597412109375
0.7740478515625
0.6924591064453125
1.2213287353515625
0.9333953857421875
0.63116455078125
0.4306182861328125
0.80810546875
1.182647705078125
0.2695465087890625
0.657745361328125
0.7879791259765625
1.098602294921875
0.4801483154296875
0.844573974609375
0.630950927734375
0.9390869140625
0.5412445068359375
0.8011932373046875
0.57177734375
0.9603271484375
0.1289215087890625
0.4879913330078125
0.8302764892578125
1.0733642578125
0.3552093505859375
0.2332611083984375
0.9855499267578125
1.114837646484375
0.203125
0.7269287109375
0.7339019775390625
0.7688140869140625
0.591705322265625
0.62469482421875
0.759307861328125
1.06512451171875
0.5428466796875
0.54052734375
1.2798309326171875
0.7746734619140625
0.253753662109375
0.797210693359375
0.6593780517578125
0.87164306640625
0.5109405517578125
0.962738037109375
0.8638153076171875
1.0233612060546875
0.6079254150390625
0.876373291015625
0.8087615966796875
1.273284912109375
0.8945465087890625
0.7566375732421875
1.223480224609375
1.0293426513671875
0.3731689453125
0.5926666259765625
0.5552978515625
0.7613372802734375
0.61785888671875
0.68414306640625
0.5525665283203125
1.1267547607421875
0.4676513671875
0.8238677978515625
0.65631103515625
1.1399078369140625
0.3931732177734375
0.7482452392578125
0.8856353759765625
1.0938873291015625
0.32470703125
0.714996337890625
0.7657928466796875
0.756683349609375
0.73321533203125
0.6334075927734375
0.9140625
0.8001708984375
0.491119384765625
0.5429840087890625
0.34771728515625
1.01165771484375
0.384490966796875
0.627899169921875
1.261627197265625
1.047637939453125
0.6115570068359375
0.9468231201171875
0.823974609375
1.1331329345703125
0.7062835693359375
0.682220458984375
0.999664306640625
0.5425872802734375
0.4205322265625
0.5942230224609375
0.8798675537109375
1.3009490966796875
0.18231201171875
0.917327880859375
0.93414306640625
0.86279296875
0.776153564453125
0.2536163330078125
0.7069854736328125
1.2840118408203125
0.30718994140625
0.71044921875
1.1543121337890625
1.243194580078125
0.1395721435546875
0.9438629150390625
1.218597412109375
1.067474365234375
0.15081787109375
1.0627899169921875
0.4610748291015625
0.635101318359375
0.3226470947265625
0.400177001953125
0.9510955810546875
0.782989501953125
0.581878662109375
0.28582763671875
0.8885955810546875
0.741424560546875
0.4801788330078125
0.7882843017578125
1.01171875
1.212310791015625
0.2743377685546875
0.5323028564453125
1.09979248046875
1.1372833251953125
0.3339691162109375
0.6220245361328125
0.583587646484375
0.8223114013671875
0.3460845947265625
0.2039337158203125
0.635955810546875
1.347259521484375
0.45477294921875
0.75518798828125
0.8554229736328125
0.366546630859375
0.6583709716796875
0.077423095703125
0.6983795166015625
0.8693695068359375
0.8200836181640625
0.646331787109375
0.61328125
0.8645477294921875
0.730621337890625
0.633636474609375
0.58172607421875
1.0900115966796875
0.6175994873046875
0.900665283203125
0.82061767578125
1.0271148681640625
0.1944427490234375
0.6625823974609375
0.6918182373046875
1.330474853515625
0.30194091796875
0.37689208984375
0.8678131103515625
0.6604766845703125
0.2845611572265625
0.638824462890625
0.77923583984375
1.26141357421875
0.8321380615234375
0.6948089599609375
0.8233642578125
0.589569091796875
0.2240142822265625
0.825958251953125
0.5340118408203125
0.960906982421875
0.02899169921875
0.4624176025390625
0.50567626953125
0.52801513671875
0.839874267578125
0.70654296875
0.774139404296875
0.72528076171875
0.831817626953125
1.05487060546875
0.832733154296875
1.3946075439453125
0.4169769287109375
0.364532470703125
0.91693115234375
0.98834228515625
0.769317626953125
0.63055419921875
1.36029052734375
0.5125732421875
0.223876953125
0.5766143798828125
0.9240570068359375
1.150360107421875
0.1365203857421875
0.415313720703125
0.436676025390625
1.105682373046875
0.5533599853515625
0.464599609375
0.8782958984375
1.160125732421875
0.5876007080078125
0.4890594482421875
0.8341217041015625
0.4624176025390625
0.530792236328125
0.6372833251953125
0.617828369140625
0.7672119140625
0.08905029296875
0.8964080810546875
0.8730621337890625
0.912750244140625
0.268096923828125
0.32403564453125
1.099578857421875
0.899871826171875
0.229644775390625
0.353424072265625
0.6141510009765625
1.140838623046875
0.4368743896484375
1.0926666259765625
1.1075897216796875
1.120025634765625
0.4095001220703125
0.763427734375
1.0695037841796875
1.1561431884765625
0.370025634765625
0.6698455810546875
0.6448974609375
0.4143218994140625
0.294464111328125
0.5254669189453125
0.75604248046875
1.1957244873046875
0.237823486328125
0.7599334716796875
1.0855560302734375
1.4719085693359375
1.0883026123046875
1.162200927734375
1.05145263671875
0.9443511962890625
0.414215087890625
0.4032440185546875
0.4026641845703125
0.76373291015625
0.6681976318359375
0.48675537109375
0.726806640625
0.73638916015625
0.53955078125
0.8877410888671875
1.1393585205078125
0.7292327880859375
0.3826141357421875
0.644683837890625
1.0110321044921875
1.0724029541015625
0.250732421875
0.954986572265625
1.3191680908203125
1.0142669677734375
0.835845947265625
0.484100341796875
0.8328094482421875
0.50738525390625
0.459991455078125
0.7219085693359375
0.668914794921875
1.10089111328125
0.54351806640625
0.488494873046875
0.5524749755859375
0.681365966796875
0.205780029296875
0.945098876953125
1.0368499755859375
1.125030517578125
0.571929931640625
0.4750213623046875
0.6577301025390625
1.030792236328125
0.3722991943359375
0.5496368408203125
0.7930755615234375
0.743194580078125
0.719207763671875
0.6758270263671875
0.4337005615234375
0.9952392578125
0.1903533935546875
0.4592437744140625
0.7718353271484375
0.61334228515625
0.471221923828125
0.858612060546875
0.880523681640625
1.0218505859375
0.30206298828125
0.5205841064453125
0.5866241455078125
1.36688232421875
0.5345001220703125
0.6988677978515625
0.3623809814453125
1.224273681640625
0.540924072265625
1.4679107666015625
0.7883453369140625
0.9723663330078125
0.1953277587890625
1.093505859375
0.7304840087890625
0.9146881103515625
0.3902740478515625
0.626953125
0.748931884765625
0.806854248046875
0.6748199462890625
0.5843048095703125
0.8501739501953125
0.6274261474609375
0.2176666259765625
0.7581634521484375
1.5975494384765625
1.6169281005859375
0.58807373046875
0.5592498779296875
0.6899261474609375
1.4444122314453125
0.2786102294921875
0.783660888671875
0.7393798828125
0.5635223388671875
0.30548095703125
0.586334228515625
0.808197021484375
0.9184112548828125
0.0560150146484375
0.92791748046875
0.6802520751953125
1.44610595703125
0.552154541015625
0.6633148193359375
1.004150390625
0.757720947265625
0.4404449462890625
0.671844482421875
0.6669769287109375
1.2201080322265625
0.4503631591796875
0.589691162109375
1.0576324462890625
1.1269683837890625
0.606536865234375
0.462310791015625
0.711761474609375
1.0439300537109375
0.3115386962890625
0.542022705078125
0.993011474609375
0.7672119140625
0.3162384033203125
0.4017333984375
0.93927001953125
0.8882598876953125
0.472198486328125
0.566192626953125
0.815216064453125
1.3644561767578125
0.302825927734375
0.5590362548828125
1.14825439453125
1.0204620361328125
0.5271453857421875
1.0795440673828125
0.7457733154296875
0.88623046875
0.0938262939453125
0.9799957275390625
0.8374176025390625
0.75860595703125
0.294677734375
0.7005615234375
1.0926666259765625
0.922943115234375
0.1987762451171875
0.5248565673828125
0.85382080078125
0.7098846435546875
0.2127838134765625
1.2784576416015625
0.9244537353515625
1.2006072998046875
0.1072998046875
0.465118408203125
0.671234130859375
1.04486083984375
0.585845947265625
0.51153564453125
1.0495147705078125
0.621856689453125
1.1341705322265625
0.7276153564453125
0.7108306884765625
0.440643310546875
0.328369140625
0.703643798828125
1.1188812255859375
0.755767822265625
0.694854736328125
0.488677978515625
0.7180023193359375
1.0728759765625
0.325653076171875
0.6520233154296875
0.9583282470703125
1.2285308837890625
0.1813201904296875
0.5936431884765625
0.584869384765625
0.9104766845703125
0.0928192138671875
0.761932373046875
0.4301605224609375
1.5831451416015625
0.333587646484375
0.463775634765625
0.5199432373046875
0.917327880859375
0.1850433349609375
0.5118865966796875
1.56640625
0.76678466796875
0.8253326416015625
0.6633148193359375
1.2816009521484375
0.7534332275390625
0.585968017578125
0.7560882568359375
0.9063262939453125
0.6711578369140625
0.032867431640625
0.811370849609375
0.6668548583984375
1.0137786865234375
0.69097900390625
0.79254150390625
0.840179443359375
1.0949249267578125
0.3919677734375
0.7656097412109375
0.9091339111328125
0.640472412109375
0.3841705322265625
0.7812652587890625
0.706298828125
0.7530975341796875
0.4935302734375
0.5379180908203125
1.0661163330078125
0.7724151611328125
0.0607757568359375
0.8568878173828125
0.7127685546875
0.7837677001953125
0.375274658203125
1.172210693359375
1.3257293701171875
0.57818603515625
0.3686370849609375
0.894866943359375
1.3519134521484375
1.238189697265625
0.17864990234375
0.957611083984375
0.68731689453125
0.9359283447265625
0.056182861328125
0.8330230712890625
1.3403472900390625
1.41461181640625
0.62554931640625
0.656494140625
0.842529296875
0.662322998046875
0.2963714599609375
0.6199798583984375
1.3226165771484375
0.9908905029296875
0.611907958984375
0.6523284912109375
0.7244110107421875
0.8690338134765625
0.486083984375
0.5954132080078125
1.1615142822265625
0.841064453125
0.58380126953125
0.57025146484375
1.0458984375
1.186920166015625
0.2125244140625
0.319580078125
0.4725799560546875
0.816986083984375
0.81011962890625
0.5413665771484375
1.2489013671875
0.96295166015625
0.1248931884765625
0.6510467529296875
0.8560943603515625
1.1944580078125
0.4157562255859375
0.706146240234375
0.9382171630859375
0.925201416015625
0.8200225830078125
0.6756591796875
0.4550628662109375
0.9195098876953125
0.479461669921875
0.7990570068359375
0.8177032470703125
0.9572601318359375
0.3672332763671875
0.462860107421875
0.53192138671875
0.2957000732421875
0.4632415771484375
0.8703765869140625
0.351287841796875
0.8657989501953125
0.574676513671875
0.38897705078125
0.767974853515625
0.673248291015625
0.2257080078125
1.13250732421875
0.8891754150390625
0.817108154296875
0.2620086669921875
0.4908447265625
0.9572296142578125
0.6527557373046875
0.1542205810546875
0.8002166748046875
0.5875244140625
1.4271697998046875
0.326019287109375
0.446136474609375
1.098114013671875
0.9614410400390625
0.4734039306640625
0.7074127197265625
1.0659027099609375
1.2848968505859375
0.257171630859375
0.3375091552734375
0.886993408203125
1.0640106201171875
0.8033447265625
0.299468994140625
1.4491424560546875
0.9435882568359375
0.3631744384765625
1.06134033203125
0.6972503662109375
0.561126708984375
0.56536865234375
0.682525634765625
1.0870208740234375
1.3534698486328125
0.4661102294921875
0.5122222900390625
1.0486907958984375
0.902008056640625
0.1512451171875
0.704315185546875
0.7881317138671875
1.02105712890625
0.4433746337890625
0.4147491455078125
0.5350494384765625
1.045928955078125
0.630157470703125
0.896636962890625
0.8709716796875
0.989959716796875
